3,2
10,224
10,64
10,16
10,268
10,142
10,214
10,2
10,3
11,7
11,22
11,20
11,18
11,25
11,8
11,4
11,17
11,2
11,3
9,7
9,4
9,1
9,6
9,2
9,3
8,6
8,14
8,4
8,8
8,15
8,13
8,2
8,3
12,2
12,1
34,6
34,5
34,4
34,3
34,2
34,1
34,0
12,3
33,5
33,4
33,3
33,2
33,1
33,0
32,5
32,4
32,3
32,2
32,1
20,2
20,1
32,0
31,5
31,4
31,3
31,2
31,1
31,0
30,5
30,4
30,3
30,2
30,1
20,3
30,0
29,4
29,3
29,2
29,1
29,0
28,23
19,2
19,1
28,22
28,21
28,20
28,19
28,18
28,17
28,16
28,15
28,14
28,13
28,12
28,11
28,10
28,9
28,8
19,3
28,7
28,6
28,5
28,4
28,3
28,2
28,1
28,0
27,5
27,4
27,3
27,2
27,1
27,0
